// 2x8x4x3
x = 0.8416089378604239, 0.13038412917706327, 0.36308883994976954, 0.11644110858970805, 0.8312756927457832, 0.07074957519504704, 0.6208131816958715, 0.37927475903203894
s_x = 0.4535616516937157, 0.2342623808176424, 0.13554429706814064, 4.2899604708611, 0.6786469301699731, 7.638954078226123, 0.11886505775675349, 0.09187436482850933

y = 0.6574402556353958, 0.32529294072553183, 0.7569466304239587, 0.21693544060953174, 0.7757260286178507, 0.8703508184088043, 0.7495024783080437, 0.2476952346173511
s_y = 0.14911093930038927, 0.12248107698762914, 0.6186562693368411, 0.25583792375678693, 0.18393605855696055, 0.1327771584424322, 10.065802092058352, 0.21134892665152952