// 2x8x3
x = 0.8690135125278919, 0.12638708735770643, 0.6221282539151535, 0.36972379116871884, 0.8666955196367061, 0.13210552369926148, 0.3765355203923565, 0.6287633375333634
s_x = 0.07633476766478509, 0.08330183121042864, 0.138984463043824, 0.10540445265166581, 0.1148920144391248, 0.11487602134520815, 0.13197334174574105, 0.1106055232407753

y = 0.25784953583404113, 0.7424153560965489, 0.7393431022111406, 0.7451495793873972, 0.7358483798384345, 0.26703046043581735, 0.2628305890974326, 0.25918784901365577
s_y = 0.15906436313251043, 0.1907268506405052, 0.26397203634121083, 0.22888148925288924, 0.242431140645384, 0.23222247076613878, 0.2484477760661019, 0.20361869618284256



